0,414
0,413
0,412
0,411
0,410
0,409
0,408
0,407
24,52
24,51
24,50
24,49
24,48
24,47
24,46
24,45
24,44
24,43
24,42
24,41
24,40
24,39
24,38
24,37
24,36
24,35
0,406
0,405
0,404
38,4
38,3
38,2
0,403
38,1
38,0
0,402
0,401
0,400
37,3
37,2
0,399
37,1
37,0
0,398
0,397
36,4
36,3
36,2
0,396
36,1
36,0
0,395
0,394
35,4
35,3
35,2
0,393
0,392
0,391
35,1
35,0
0,390
0,389
34,5
34,4
34,3
34,2
0,388
34,1
34,0
33,4
33,3
33,2
33,1
33,0
32,4
32,3
32,2
32,1
32,0
31,4
31,3
31,2
31,1
31,0
30,4
30,3
30,2
30,1
30,0
29,4
29,3
29,2
29,1
29,0
0,387
0,386
0,385
0,384
28,4
28,3
28,2
28,1
28,0
27,4
